# Created by Octave 5.0.1, Sun Feb 10 18:05:01 2019 CET <andy@Ryzen5Babe>
# name: puck_x
# type: matrix
# rows: 11
# columns: 1
 345.89727402292391
 336.64741955557338
 350.52220125659915
 359.77205572394962
 368.2510889856876
 372.10519501375029
 369.7927313969127
 356.68877090149954
 355.14712849027444
 342.81398920047371
 352.83466487343674


# name: puck_y
# type: matrix
# rows: 11
# columns: 1
 211.96741072324699
 215.05069554569718
 219.67562277937242
 225.84219242427275
 209.6549471064094
 211.19658951763449
 217.36315916253483
 212.73823192885953
 207.34248348957175
 211.96741072324699
 215.05069554569718


# name: circle_x
# type: matrix
# rows: 7
# columns: 1
 234.12819920910533
 304.27292891984666
 300.41882289178392
 369.02191019130021
 567.89378123933591
 634.95522612762716
 700.47502860469319


# name: circle_y
# type: matrix
# rows: 7
# columns: 1
 299.07020695746422
 259.29996788244966
 295.21610092940153
 297.52856454623918
 291.36199490133885
 293.67445851817644
 291.36199490133885


